Day,Hour,Radiation
0,6,0
0,7,0.054755043
0,8,0.236311239
0,9,0.461095101
0,10,0.677233429
0,11,0.838616715
0,12,0.956772334
0,13,1
0,14,0.971181556
0,15,0.844380403
0,16,0.680115274
0,17,0.478386167
0,18,0.239193084
0,19,0.037463977
0,20,0
1,6,0
1,7,0.04610951
1,8,0.23054755
1,9,0.463976945
1,10,0.642651297
1,11,0.81556196
1,12,0.936599424
1,13,0.974063401
1,14,0.930835735
1,15,0.812680115
1,16,0.654178674
1,17,0.438040346
1,18,0.213256484
1,19,0.04610951
1,20,0
2,6,0
2,7,0.060518732
2,8,0.195965418
2,9,0.308357349
2,10,0.438040346
2,11,0.798270893
2,12,0.878962536
2,13,0.916426513
2,14,0.873198847
2,15,0.778097983
2,16,0.648414986
2,17,0.386167147
2,18,0.112391931
2,19,0.025936599
2,20,0
3,6,0
3,7,0.069164265
3,8,0.216138329
3,9,0.423631124
3,10,0.573487032
3,11,0.677233429
3,12,0.88184438
3,13,0.74351585
3,14,0.550432277
3,15,0.288184438
3,16,0.363112392
3,17,0.198847262
3,18,0.074927954
3,19,0.025936599
3,20,0
4,6,0
4,7,0.063400576
4,8,0.250720461
4,9,0.282420749
4,10,0.121037464
4,11,0.109510086
4,12,0.342939481
4,13,0.236311239
4,14,0.141210375
4,15,0.121037464
4,16,0.201729107
4,17,0.172910663
4,18,0.121037464
4,19,0.023054755
4,20,0
5,6,0
5,7,0.051873199
5,8,0.213256484
5,9,0.288184438
5,10,0.374639769
5,11,0.357348703
5,12,0.723342939
5,13,0.265129683
5,14,0.028818444
5,15,0.014409222
5,16,0.028818444
5,17,0.100864553
5,18,0.109510086
5,19,0.034582133
5,20,0
6,6,0
6,7,0.043227666
6,8,0.16426513
6,9,0.446685879
6,10,0.657060519
6,11,0.778097983
6,12,0.812680115
6,13,0.956772334
6,14,0.622478386
6,15,0.680115274
6,16,0.475504323
6,17,0.21037464
6,18,0.074927954
6,19,0.011527378
6,20,0
7,6,0
7,7,0.051873199
7,8,0.115273775
7,9,0.342939481
7,10,0.642651297
7,11,0.841498559
7,12,0.878962536
7,13,0.587896254
7,14,0.628242075
7,15,0.498559078
7,16,0.121037464
7,17,0.250720461
7,18,0.144092219
7,19,0.017291066
7,20,0
8,6,0
8,7,0.023054755
8,8,0.051873199
8,9,0.083573487
8,10,0.175792507
8,11,0.299711816
8,12,0.250720461
8,13,0.463976945
8,14,0.135446686
8,15,0.152737752
8,16,0.244956772
8,17,0.195965418
8,18,0.135446686
8,19,0.025936599
8,20,0
9,6,0
9,7,0.057636888
9,8,0.18443804
9,9,0.435158501
9,10,0.46685879
9,11,0.44092219
9,12,0.190201729
9,13,0.538904899
9,14,0.414985591
9,15,0.622478386
9,16,0.691642651
9,17,0.239193084
9,18,0.146974063
9,19,0.048991354
9,20,0
10,6,0
10,7,0.020172911
10,8,0.080691643
10,9,0.121037464
10,10,0.201729107
10,11,0.123919308
10,12,0.11815562
10,13,0.239193084
10,14,0.360230548
10,15,0.354466859
10,16,0.492795389
10,17,0.371757925
10,18,0.181556196
10,19,0.023054755
10,20,0
11,6,0
11,7,0.037463977
11,8,0.201729107
11,9,0.178674352
11,10,0.328530259
11,11,0.354466859
11,12,0.567723343
11,13,0.731988473
11,14,0.832853026
11,15,0.518731988
11,16,0.21037464
11,17,0.112391931
11,18,0.089337176
11,19,0.020172911
11,20,0
12,6,0
12,7,0.031700288
12,8,0.135446686
12,9,0.432276657
12,10,0.123919308
12,11,0.161383285
12,12,0.308357349
12,13,0.204610951
12,14,0.204610951
12,15,0.152737752
12,16,0.13832853
12,17,0.172910663
12,18,0.063400576
12,19,0.017291066
12,20,0
13,6,0
13,7,0.048991354
13,8,0.239193084
13,9,0.463976945
13,10,0.691642651
13,11,0.680115274
13,12,0.461095101
13,13,0.259365994
13,14,0.331412104
13,15,0.30259366
13,16,0.42074928
13,17,0.377521614
13,18,0.172910663
13,19,0.028818444
13,20,0
14,6,0
14,7,0.037463977
14,8,0.129682997
14,9,0.354466859
14,10,0.46685879
14,11,0.714697406
14,12,0.720461095
14,13,0.703170029
14,14,0.922190202
14,15,0.631123919
14,16,0.363112392
14,17,0.132564841
14,18,0.074927954
14,19,0.008645533
14,20,0
15,6,0
15,7,0.011527378
15,8,0.069164265
15,9,0.158501441
15,10,0.132564841
15,11,0.155619597
15,12,0.273775216
15,13,0.233429395
15,14,0.141210375
15,15,0.126801153
15,16,0.144092219
15,17,0.086455331
15,18,0.014409222
15,19,0
15,20,0
16,6,0
16,7,0
16,8,0.017291066
16,9,0.031700288
16,10,0.069164265
16,11,0.109510086
16,12,0.187319885
16,13,0.227665706
16,14,0.152737752
16,15,0.086455331
16,16,0.132564841
16,17,0.172910663
16,18,0.034582133
16,19,0.005763689
16,20,0
17,6,0
17,7,0.017291066
17,8,0.051873199
17,9,0.097982709
17,10,0.250720461
17,11,0.331412104
17,12,0.57925072
17,13,0.585014409
17,14,0.619596542
17,15,0.619596542
17,16,0.573487032
17,17,0.328530259
17,18,0.170028818
17,19,0.014409222
17,20,0
18,6,0
18,7,0.040345821
18,8,0.25648415
18,9,0.452449568
18,10,0.680115274
18,11,0.838616715
18,12,0.948126801
18,13,0.985590778
18,14,0.942363112
18,15,0.806916427
18,16,0.654178674
18,17,0.435158501
18,18,0.204610951
18,19,0.028818444
18,20,0
19,6,0
19,7,0.020172911
19,8,0.207492795
19,9,0.265129683
19,10,0.570605187
19,11,0.731988473
19,12,0.786743516
19,13,0.504322767
19,14,0.391930836
19,15,0.648414986
19,16,0.570605187
19,17,0.383285303
19,18,0.175792507
19,19,0.028818444
19,20,0
20,6,0
20,7,0.031700288
20,8,0.178674352
20,9,0.360230548
20,10,0.530259366
20,11,0.694524496
20,12,0.763688761
20,13,0.625360231
20,14,0.616714697
20,15,0.593659942
20,16,0.489913545
20,17,0.311239193
20,18,0.126801153
20,19,0.020172911
20,20,0
21,6,0
21,7,0.031700288
21,8,0.158501441
21,9,0.282420749
21,10,0.507204611
21,11,0.639769452
21,12,0.608069164
21,13,0.674351585
21,14,0.720461095
21,15,0.619596542
21,16,0.492795389
21,17,0.311239193
21,18,0.121037464
21,19,0.014409222
21,20,0
22,6,0
22,7,0.020172911
22,8,0.060518732
22,9,0.30259366
22,10,0.510086455
22,11,0.665706052
22,12,0.81556196
22,13,0.688760807
22,14,0.74351585
22,15,0.677233429
22,16,0.489913545
22,17,0.345821326
22,18,0.103746398
22,19,0.017291066
22,20,0
23,6,0
23,7,0.020172911
23,8,0.077809798
23,9,0.16426513
23,10,0.30259366
23,11,0.639769452
23,12,0.631123919
23,13,0.570605187
23,14,0.841498559
23,15,0.530259366
23,16,0.530259366
23,17,0.371757925
23,18,0.187319885
23,19,0.023054755
23,20,0
24,6,0
24,7,0.031700288
24,8,0.198847262
24,9,0.458213256
24,10,0.553314121
24,11,0.536023055
24,12,0.775216138
24,13,0.841498559
24,14,0.841498559
24,15,0.832853026
24,16,0.662824207
24,17,0.429394813
24,18,0.178674352
24,19,0.025936599
24,20,0
25,6,0
25,7,0.011527378
25,8,0.09221902
25,9,0.308357349
25,10,0.515850144
25,11,0.585014409
25,12,0.858789625
25,13,0.922190202
25,14,0.786743516
25,15,0.763688761
25,16,0.582132565
25,17,0.380403458
25,18,0.181556196
25,19,0.023054755
25,20,0
26,6,0
26,7,0.023054755
26,8,0.123919308
26,9,0.170028818
26,10,0.161383285
26,11,0.270893372
26,12,0.659942363
26,13,0.726224784
26,14,0.319884726
26,15,0.043227666
26,16,0.100864553
26,17,0.158501441
26,18,0.060518732
26,19,0.011527378
26,20,0
27,6,0
27,7,0.031700288
27,8,0.178674352
27,9,0.403458213
27,10,0.602305476
27,11,0.423631124
27,12,0.279538905
27,13,0.30259366
27,14,0.207492795
27,15,0.172910663
27,16,0.308357349
27,17,0.195965418
27,18,0.089337176
27,19,0.017291066
27,20,0
28,6,0
28,7,0.028818444
28,8,0.187319885
28,9,0.406340058
28,10,0.60518732
28,11,0.755043228
28,12,0.801152738
28,13,0.458213256
28,14,0.368876081
28,15,0.354466859
28,16,0.501440922
28,17,0.239193084
28,18,0.121037464
28,19,0.011527378
28,20,0
29,6,0
29,7,0.028818444
29,8,0.18443804
29,9,0.389048991
29,10,0.57925072
29,11,0.720461095
29,12,0.755043228
29,13,0.515850144
29,14,0.668587896
29,15,0.622478386
29,16,0.438040346
29,17,0.279538905
29,18,0.095100865
29,19,0.008645533
29,20,0
30,6,0
30,7,0.025936599
30,8,0.170028818
30,9,0.380403458
30,10,0.556195965
30,11,0.645533141
30,12,0.714697406
30,13,0.518731988
30,14,0.21037464
30,15,0.095100865
30,16,0.285302594
30,17,0.293948127
30,18,0.11815562
30,19,0.011527378
30,20,0
31,6,0
31,7,0.023054755
31,8,0.063400576
31,9,0.308357349
31,10,0.458213256
31,11,0.556195965
31,12,0.853025937
31,13,0.775216138
31,14,0.763688761
31,15,0.585014409
31,16,0.515850144
31,17,0.374639769
31,18,0.161383285
31,19,0.011527378
31,20,0
32,6,0
32,7,0.025936599
32,8,0.178674352
32,9,0.386167147
32,10,0.374639769
32,11,0.69740634
32,12,0.829971182
32,13,0.867435159
32,14,0.832853026
32,15,0.731988473
32,16,0.541786744
32,17,0.319884726
32,18,0.129682997
32,19,0.008645533
32,20,0
33,6,0
33,7,0.031700288
33,8,0.175792507
33,9,0.311239193
33,10,0.498559078
33,11,0.760806916
33,12,0.867435159
33,13,0.899135447
33,14,0.847262248
33,15,0.734870317
33,16,0.553314121
33,17,0.342939481
33,18,0.13832853
33,19,0.011527378
33,20,0
34,6,0
34,7,0.025936599
34,8,0.172910663
34,9,0.314121037
34,10,0.478386167
34,11,0.723342939
34,12,0.844380403
34,13,0.876080692
34,14,0.853025937
34,15,0.688760807
34,16,0.481268012
34,17,0.322766571
34,18,0.123919308
34,19,0.008645533
34,20,0
35,6,0
35,7,0.025936599
35,8,0.167146974
35,9,0.276657061
35,10,0.389048991
35,11,0.544668588
35,12,0.680115274
35,13,0.841498559
35,14,0.824207493
35,15,0.706051873
35,16,0.521613833
35,17,0.319884726
35,18,0.11815562
35,19,0.008645533
35,20,0
36,6,0
36,7,0.020172911
36,8,0.121037464
36,9,0.25648415
36,10,0.489913545
36,11,0.694524496
36,12,0.83573487
36,13,0.873198847
36,14,0.827089337
36,15,0.708933718
36,16,0.53314121
36,17,0.317002882
36,18,0.112391931
36,19,0.008645533
36,20,0
37,6,0
37,7,0.023054755
37,8,0.16426513
37,9,0.345821326
37,10,0.527377522
37,11,0.717579251
37,12,0.504322767
37,13,0.268011527
37,14,0.345821326
37,15,0.634005764
37,16,0.461095101
37,17,0.265129683
37,18,0.103746398
37,19,0.008645533
37,20,0
38,6,0
38,7,0.020172911
38,8,0.132564841
38,9,0.299711816
38,10,0.492795389
38,11,0.46685879
38,12,0.498559078
38,13,0.337175793
38,14,0.538904899
38,15,0.507204611
38,16,0.363112392
38,17,0.13832853
38,18,0.077809798
38,19,0.005763689
38,20,0
39,6,0
39,7,0.020172911
39,8,0.13832853
39,9,0.314121037
39,10,0.492795389
39,11,0.645533141
39,12,0.363112392
39,13,0.380403458
39,14,0.236311239
39,15,0.132564841
39,16,0.144092219
39,17,0.132564841
39,18,0.060518732
39,19,0.008645533
39,20,0
40,6,0
40,7,0.020172911
40,8,0.190201729
40,9,0.291066282
40,10,0.530259366
40,11,0.625360231
40,12,0.538904899
40,13,0.628242075
40,14,0.449567723
40,15,0.331412104
40,16,0.149855908
40,17,0.146974063
40,18,0.048991354
40,19,0.002881844
40,20,0
41,6,0
41,7,0.023054755
41,8,0.158501441
41,9,0.247838617
41,10,0.403458213
41,11,0.567723343
41,12,0.495677233
41,13,0.639769452
41,14,0.481268012
41,15,0.461095101
41,16,0.282420749
41,17,0.190201729
41,18,0.083573487
41,19,0.002881844
41,20,0
42,6,0
42,7,0.025936599
42,8,0.187319885
42,9,0.345821326
42,10,0.550432277
42,11,0.590778098
42,12,0.798270893
42,13,0.46685879
42,14,0.400576369
42,15,0.654178674
42,16,0.446685879
42,17,0.244956772
42,18,0.07204611
42,19,0.005763689
42,20,0
43,6,0
43,7,0
43,8,0.002881844
43,9,0.005763689
43,10,0.011527378
43,11,0.025936599
43,12,0.086455331
43,13,0.149855908
43,14,0.305475504
43,15,0.279538905
43,16,0.354466859
43,17,0.193083573
43,18,0.066282421
43,19,0
43,20,0
44,6,0
44,7,0.014409222
44,8,0.048991354
44,9,0.11815562
44,10,0.170028818
44,11,0.443804035
44,12,0.426512968
44,13,0.556195965
44,14,0.34870317
44,15,0.25648415
44,16,0.227665706
44,17,0.083573487
44,18,0.037463977
44,19,0.002881844
44,20,0
45,6,0
45,7,0.017291066
45,8,0.149855908
45,9,0.412103746
45,10,0.541786744
45,11,0.717579251
45,12,0.780979827
45,13,0.60518732
45,14,0.602305476
45,15,0.671469741
45,16,0.567723343
45,17,0.380403458
45,18,0.13832853
45,19,0.005763689
45,20,0
46,6,0
46,7,0.031700288
46,8,0.123919308
46,9,0.403458213
46,10,0.538904899
46,11,0.763688761
46,12,0.867435159
46,13,0.884726225
46,14,0.83573487
46,15,0.708933718
46,16,0.515850144
46,17,0.317002882
46,18,0.13832853
46,19,0.008645533
46,20,0
47,6,0
47,7,0.025936599
47,8,0.175792507
47,9,0.426512968
47,10,0.550432277
47,11,0.749279539
47,12,0.423631124
47,13,0.737752161
47,14,0.806916427
47,15,0.682997118
47,16,0.46685879
47,17,0.282420749
47,18,0.100864553
47,19,0.005763689
47,20,0
48,6,0
48,7,0.011527378
48,8,0.100864553
48,9,0.354466859
48,10,0.331412104
48,11,0.472622478
48,12,0.746397695
48,13,0.783861671
48,14,0.783861671
48,15,0.608069164
48,16,0.443804035
48,17,0.279538905
48,18,0.097982709
48,19,0.002881844
48,20,0
49,6,0
49,7,0.014409222
49,8,0.028818444
49,9,0.057636888
49,10,0.547550432
49,11,0.308357349
49,12,0.123919308
49,13,0.051873199
49,14,0.037463977
49,15,0.031700288
49,16,0.025936599
49,17,0.025936599
49,18,0.023054755
49,19,0
49,20,0
50,6,0
50,7,0.002881844
50,8,0.017291066
50,9,0.034582133
50,10,0.054755043
50,11,0.043227666
50,12,0.04610951
50,13,0.040345821
50,14,0.048991354
50,15,0.057636888
50,16,0.07204611
50,17,0.025936599
50,18,0.014409222
50,19,0
50,20,0
51,6,0
51,7,0
51,8,0.005763689
51,9,0.028818444
51,10,0.028818444
51,11,0.034582133
51,12,0.04610951
51,13,0.060518732
51,14,0.054755043
51,15,0.040345821
51,16,0.023054755
51,17,0.014409222
51,18,0.008645533
51,19,0
51,20,0
52,6,0
52,7,0.002881844
52,8,0.014409222
52,9,0.07204611
52,10,0.074927954
52,11,0.097982709
52,12,0.07204611
52,13,0.103746398
52,14,0.115273775
52,15,0.057636888
52,16,0.063400576
52,17,0.008645533
52,18,0.005763689
52,19,0.002881844
52,20,0
53,6,0
53,7,0.002881844
53,8,0.002881844
53,9,0.014409222
53,10,0.126801153
53,11,0.593659942
53,12,0.524495677
53,13,0.492795389
53,14,0.400576369
53,15,0.190201729
53,16,0.25648415
53,17,0.13832853
53,18,0.054755043
53,19,0.002881844
53,20,0
54,6,0
54,7,0.011527378
54,8,0.112391931
54,9,0.342939481
54,10,0.602305476
54,11,0.463976945
54,12,0.625360231
54,13,0.481268012
54,14,0.622478386
54,15,0.44092219
54,16,0.308357349
54,17,0.282420749
54,18,0.080691643
54,19,0.002881844
54,20,0
55,6,0
55,7,0.020172911
55,8,0.095100865
55,9,0.23054755
55,10,0.221902017
55,11,0.308357349
55,12,0.34870317
55,13,0.170028818
55,14,0.213256484
55,15,0.244956772
55,16,0.4870317
55,17,0.273775216
55,18,0.066282421
55,19,0
55,20,0
56,6,0
56,7,0.028818444
56,8,0.121037464
56,9,0.42074928
56,10,0.239193084
56,11,0.463976945
56,12,0.691642651
56,13,0.783861671
56,14,0.657060519
56,15,0.541786744
56,16,0.04610951
56,17,0.095100865
56,18,0.020172911
56,19,0
56,20,0
57,6,0
57,7,0.023054755
57,8,0.170028818
57,9,0.44092219
57,10,0.449567723
57,11,0.567723343
57,12,0.783861671
57,13,0.65129683
57,14,0.778097983
57,15,0.538904899
57,16,0.149855908
57,17,0.077809798
57,18,0.017291066
57,19,0
57,20,0
58,6,0
58,7,0.005763689
58,8,0.043227666
58,9,0.13832853
58,10,0.144092219
58,11,0.161383285
58,12,0.334293948
58,13,0.403458213
58,14,0.389048991
58,15,0.23054755
58,16,0.146974063
58,17,0.089337176
58,18,0.023054755
58,19,0
58,20,0
59,6,0
59,7,0.017291066
59,8,0.172910663
59,9,0.380403458
59,10,0.527377522
59,11,0.671469741
59,12,0.809798271
59,13,0.824207493
59,14,0.616714697
59,15,0.57925072
59,16,0.435158501
59,17,0.244956772
59,18,0.063400576
59,19,0
59,20,0
60,6,0
60,7,0.023054755
60,8,0.190201729
60,9,0.400576369
60,10,0.608069164
60,11,0.729106628
60,12,0.86167147
60,13,0.858789625
60,14,0.795389049
60,15,0.536023055
60,16,0.42074928
60,17,0.268011527
60,18,0.063400576
60,19,0
60,20,0
61,6,0
61,7,0.008645533
61,8,0.106628242
61,9,0.340057637
61,10,0.599423631
61,11,0.677233429
61,12,0.720461095
61,13,0.827089337
61,14,0.806916427
61,15,0.688760807
61,16,0.44092219
61,17,0.253602305
61,18,0.04610951
61,19,0
61,20,0
62,6,0
62,7,0.017291066
62,8,0.158501441
62,9,0.368876081
62,10,0.567723343
62,11,0.720461095
62,12,0.801152738
62,13,0.818443804
62,14,0.682997118
62,15,0.610951009
62,16,0.374639769
62,17,0.219020173
62,18,0.057636888
62,19,0
62,20,0
63,6,0
63,7,0.020172911
63,8,0.178674352
63,9,0.406340058
63,10,0.613832853
63,11,0.766570605
63,12,0.841498559
63,13,0.887608069
63,14,0.855907781
63,15,0.726224784
63,16,0.510086455
63,17,0.265129683
63,18,0.063400576
63,19,0
63,20,0
64,6,0
64,7,0.020172911
64,8,0.181556196
64,9,0.400576369
64,10,0.587896254
64,11,0.74351585
64,12,0.821325648
64,13,0.775216138
64,14,0.700288184
64,15,0.55907781
64,16,0.389048991
64,17,0.201729107
64,18,0.043227666
64,19,0
64,20,0
65,6,0
65,7,0.017291066
65,8,0.152737752
65,9,0.345821326
65,10,0.561959654
65,11,0.636887608
65,12,0.677233429
65,13,0.596541787
65,14,0.524495677
65,15,0.227665706
65,16,0.345821326
65,17,0.204610951
65,18,0.043227666
65,19,0
65,20,0
66,6,0
66,7,0.017291066
66,8,0.152737752
66,9,0.345821326
66,10,0.544668588
66,11,0.688760807
66,12,0.74351585
66,13,0.740634006
66,14,0.714697406
66,15,0.389048991
66,16,0.236311239
66,17,0.227665706
66,18,0.048991354
66,19,0
66,20,0
67,6,0
67,7,0.020172911
67,8,0.181556196
67,9,0.417867435
67,10,0.613832853
67,11,0.755043228
67,12,0.838616715
67,13,0.873198847
67,14,0.806916427
67,15,0.677233429
67,16,0.495677233
67,17,0.270893372
67,18,0.066282421
67,19,0
67,20,0
68,6,0
68,7,0.017291066
68,8,0.16426513
68,9,0.365994236
68,10,0.556195965
68,11,0.708933718
68,12,0.680115274
68,13,0.78962536
68,14,0.706051873
68,15,0.4870317
68,16,0.360230548
68,17,0.18443804
68,18,0.037463977
68,19,0
68,20,0
69,6,0
69,7,0
69,8,0.054755043
69,9,0.09221902
69,10,0.135446686
69,11,0.141210375
69,12,0.141210375
69,13,0.193083573
69,14,0.144092219
69,15,0.034582133
69,16,0.020172911
69,17,0.023054755
69,18,0.008645533
69,19,0
69,20,0
70,6,0
70,7,0.005763689
70,8,0.048991354
70,9,0.109510086
70,10,0.204610951
70,11,0.363112392
70,12,0.449567723
70,13,0.39481268
70,14,0.60518732
70,15,0.530259366
70,16,0.469740634
70,17,0.244956772
70,18,0.048991354
70,19,0
70,20,0
71,6,0
71,7,0.005763689
71,8,0.054755043
71,9,0.279538905
71,10,0.492795389
71,11,0.613832853
71,12,0.582132565
71,13,0.368876081
71,14,0.21037464
71,15,0.239193084
71,16,0.144092219
71,17,0.054755043
71,18,0.014409222
71,19,0
71,20,0
72,6,0
72,7,0.005763689
72,8,0.080691643
72,9,0.170028818
72,10,0.276657061
72,11,0.478386167
72,12,0.786743516
72,13,0.902017291
72,14,0.383285303
72,15,0.429394813
72,16,0.236311239
72,17,0.190201729
72,18,0.04610951
72,19,0
72,20,0
73,6,0
73,7,0.011527378
73,8,0.077809798
73,9,0.221902017
73,10,0.383285303
73,11,0.469740634
73,12,0.720461095
73,13,0.377521614
73,14,0.317002882
73,15,0.463976945
73,16,0.253602305
73,17,0.123919308
73,18,0.020172911
73,19,0
73,20,0
74,6,0
74,7,0.011527378
74,8,0.080691643
74,9,0.253602305
74,10,0.30259366
74,11,0.299711816
74,12,0.322766571
74,13,0.181556196
74,14,0.103746398
74,15,0.233429395
74,16,0.141210375
74,17,0.037463977
74,18,0.011527378
74,19,0
74,20,0
75,6,0
75,7,0.017291066
75,8,0.07204611
75,9,0.149855908
75,10,0.334293948
75,11,0.4870317
75,12,0.481268012
75,13,0.714697406
75,14,0.524495677
75,15,0.149855908
75,16,0.239193084
75,17,0.083573487
75,18,0.002881844
75,19,0
75,20,0
76,6,0
76,7,0.017291066
76,8,0.141210375
76,9,0.221902017
76,10,0.417867435
76,11,0.674351585
76,12,0.809798271
76,13,0.435158501
76,14,0.158501441
76,15,0.239193084
76,16,0.23054755
76,17,0.083573487
76,18,0.014409222
76,19,0
76,20,0
77,6,0
77,7,0.005763689
77,8,0.07204611
77,9,0.187319885
77,10,0.213256484
77,11,0.452449568
77,12,0.717579251
77,13,0.412103746
77,14,0.642651297
77,15,0.587896254
77,16,0.374639769
77,17,0.170028818
77,18,0.028818444
77,19,0
77,20,0
78,6,0
78,7,0.014409222
78,8,0.141210375
78,9,0.340057637
78,10,0.536023055
78,11,0.685878963
78,12,0.746397695
78,13,0.726224784
78,14,0.671469741
78,15,0.556195965
78,16,0.403458213
78,17,0.195965418
78,18,0.031700288
78,19,0
78,20,0
79,6,0
79,7,0.011527378
79,8,0.13832853
79,9,0.342939481
79,10,0.541786744
79,11,0.688760807
79,12,0.760806916
79,13,0.76945245
79,14,0.700288184
79,15,0.564841499
79,16,0.368876081
79,17,0.178674352
79,18,0.028818444
79,19,0
79,20,0
80,6,0
80,7,0.011527378
80,8,0.129682997
80,9,0.296829971
80,10,0.515850144
80,11,0.668587896
80,12,0.757925072
80,13,0.76945245
80,14,0.706051873
80,15,0.57925072
80,16,0.383285303
80,17,0.172910663
80,18,0.034582133
80,19,0
80,20,0
81,6,0
81,7,0.008645533
81,8,0.066282421
81,9,0.193083573
81,10,0.273775216
81,11,0.365994236
81,12,0.219020173
81,13,0.198847262
81,14,0.207492795
81,15,0.293948127
81,16,0.167146974
81,17,0.048991354
81,18,0.020172911
81,19,0
81,20,0
82,6,0
82,7,0
82,8,0.028818444
82,9,0.100864553
82,10,0.207492795
82,11,0.299711816
82,12,0.507204611
82,13,0.536023055
82,14,0.481268012
82,15,0.293948127
82,16,0.253602305
82,17,0.07204611
82,18,0.017291066
82,19,0
82,20,0
83,6,0
83,7,0.005763689
83,8,0.048991354
83,9,0.095100865
83,10,0.089337176
83,11,0.089337176
83,12,0.268011527
83,13,0.337175793
83,14,0.089337176
83,15,0.115273775
83,16,0.141210375
83,17,0.077809798
83,18,0.031700288
83,19,0
83,20,0
84,6,0
84,7,0.008645533
84,8,0.089337176
84,9,0.201729107
84,10,0.383285303
84,11,0.409221902
84,12,0.510086455
84,13,0.567723343
84,14,0.665706052
84,15,0.585014409
84,16,0.368876081
84,17,0.190201729
84,18,0.028818444
84,19,0
84,20,0
85,6,0
85,7,0.011527378
85,8,0.086455331
85,9,0.328530259
85,10,0.518731988
85,11,0.662824207
85,12,0.740634006
85,13,0.703170029
85,14,0.452449568
85,15,0.530259366
85,16,0.386167147
85,17,0.172910663
85,18,0.028818444
85,19,0
85,20,0
86,6,0
86,7,0.002881844
86,8,0.057636888
86,9,0.236311239
86,10,0.325648415
86,11,0.602305476
86,12,0.772334294
86,13,0.775216138
86,14,0.694524496
86,15,0.582132565
86,16,0.397694524
86,17,0.193083573
86,18,0.025936599
86,19,0
86,20,0
87,6,0
87,7,0.011527378
87,8,0.141210375
87,9,0.360230548
87,10,0.567723343
87,11,0.720461095
87,12,0.809798271
87,13,0.806916427
87,14,0.726224784
87,15,0.599423631
87,16,0.414985591
87,17,0.187319885
87,18,0.023054755
87,19,0
87,20,0
88,6,0
88,7,0.008645533
88,8,0.13832853
88,9,0.34870317
88,10,0.550432277
88,11,0.69740634
88,12,0.78962536
88,13,0.786743516
88,14,0.714697406
88,15,0.582132565
88,16,0.365994236
88,17,0.167146974
88,18,0.020172911
88,19,0
88,20,0
89,6,0
89,7,0.002881844
89,8,0.057636888
89,9,0.207492795
89,10,0.530259366
89,11,0.570605187
89,12,0.65129683
89,13,0.368876081
89,14,0.305475504
89,15,0.461095101
89,16,0.262247839
89,17,0.100864553
89,18,0.023054755
89,19,0
89,20,0
90,6,0
90,7,0.002881844
90,8,0.023054755
90,9,0.043227666
90,10,0.063400576
90,11,0.187319885
90,12,0.242074928
90,13,0.247838617
90,14,0.155619597
90,15,0.152737752
90,16,0.069164265
90,17,0.034582133
90,18,0.008645533
90,19,0
90,20,0
91,6,0
91,7,0
91,8,0.011527378
91,9,0.034582133
91,10,0.031700288
91,11,0.077809798
91,12,0.054755043
91,13,0.051873199
91,14,0.07204611
91,15,0.066282421
91,16,0.034582133
91,17,0.014409222
91,18,0.002881844
91,19,0
91,20,0
92,6,0
92,7,0
92,8,0.002881844
92,9,0.014409222
92,10,0.040345821
92,11,0.11815562
92,12,0.198847262
92,13,0.262247839
92,14,0.121037464
92,15,0.158501441
92,16,0.123919308
92,17,0.063400576
92,18,0.005763689
92,19,0
92,20,0
93,6,0
93,7,0.002881844
93,8,0.051873199
93,9,0.126801153
93,10,0.172910663
93,11,0.224783862
93,12,0.146974063
93,13,0.181556196
93,14,0.089337176
93,15,0.144092219
93,16,0.233429395
93,17,0.112391931
93,18,0.020172911
93,19,0
93,20,0
94,6,0
94,7,0.002881844
94,8,0.040345821
94,9,0.172910663
94,10,0.244956772
94,11,0.305475504
94,12,0.334293948
94,13,0.507204611
94,14,0.680115274
94,15,0.570605187
94,16,0.391930836
94,17,0.18443804
94,18,0.023054755
94,19,0
94,20,0
95,6,0
95,7,0.008645533
95,8,0.13832853
95,9,0.322766571
95,10,0.219020173
95,11,0.239193084
95,12,0.334293948
95,13,0.706051873
95,14,0.654178674
95,15,0.475504323
95,16,0.371757925
95,17,0.193083573
95,18,0.025936599
95,19,0
95,20,0
96,6,0
96,7,0.002881844
96,8,0.054755043
96,9,0.149855908
96,10,0.259365994
96,11,0.429394813
96,12,0.763688761
96,13,0.749279539
96,14,0.69740634
96,15,0.573487032
96,16,0.386167147
96,17,0.181556196
96,18,0.023054755
96,19,0
96,20,0
97,6,0
97,7,0.005763689
97,8,0.074927954
97,9,0.262247839
97,10,0.484149856
97,11,0.659942363
97,12,0.602305476
97,13,0.726224784
97,14,0.668587896
97,15,0.521613833
97,16,0.285302594
97,17,0.09221902
97,18,0.014409222
97,19,0
97,20,0
98,6,0
98,7,0.002881844
98,8,0.043227666
98,9,0.07204611
98,10,0.193083573
98,11,0.423631124
98,12,0.723342939
98,13,0.729106628
98,14,0.662824207
98,15,0.515850144
98,16,0.365994236
98,17,0.16426513
98,18,0.020172911
98,19,0
98,20,0
99,6,0
99,7,0.008645533
99,8,0.028818444
99,9,0.086455331
99,10,0.080691643
99,11,0.074927954
99,12,0.239193084
99,13,0.498559078
99,14,0.380403458
99,15,0.481268012
99,16,0.30259366
99,17,0.129682997
99,18,0.014409222
99,19,0
99,20,0
100,6,0
100,7,0.005763689
100,8,0.106628242
100,9,0.282420749
100,10,0.469740634
100,11,0.631123919
100,12,0.711815562
100,13,0.685878963
100,14,0.65129683
100,15,0.530259366
100,16,0.334293948
100,17,0.141210375
100,18,0.017291066
100,19,0
100,20,0
101,6,0
101,7,0.005763689
101,8,0.095100865
101,9,0.25648415
101,10,0.409221902
101,11,0.463976945
101,12,0.596541787
101,13,0.731988473
101,14,0.622478386
101,15,0.507204611
101,16,0.34870317
101,17,0.152737752
101,18,0.017291066
101,19,0
101,20,0
102,6,0
102,7,0.005763689
102,8,0.086455331
102,9,0.279538905
102,10,0.484149856
102,11,0.616714697
102,12,0.723342939
102,13,0.717579251
102,14,0.659942363
102,15,0.544668588
102,16,0.365994236
102,17,0.158501441
102,18,0.017291066
102,19,0
102,20,0
103,6,0
103,7,0.005763689
103,8,0.074927954
103,9,0.201729107
103,10,0.345821326
103,11,0.322766571
103,12,0.443804035
103,13,0.426512968
103,14,0.406340058
103,15,0.498559078
103,16,0.239193084
103,17,0.080691643
103,18,0.014409222
103,19,0
103,20,0
104,6,0
104,7,0.002881844
104,8,0.04610951
104,9,0.132564841
104,10,0.250720461
104,11,0.469740634
104,12,0.469740634
104,13,0.39481268
104,14,0.570605187
104,15,0.461095101
104,16,0.242074928
104,17,0.161383285
104,18,0.008645533
104,19,0
104,20,0
105,6,0
105,7,0.002881844
105,8,0.097982709
105,9,0.239193084
105,10,0.337175793
105,11,0.481268012
105,12,0.268011527
105,13,0.345821326
105,14,0.53314121
105,15,0.501440922
105,16,0.432276657
105,17,0.13832853
105,18,0.017291066
105,19,0
105,20,0
106,6,0
106,7,0
106,8,0.025936599
106,9,0.095100865
106,10,0.109510086
106,11,0.109510086
106,12,0.097982709
106,13,0.095100865
106,14,0.115273775
106,15,0.170028818
106,16,0.155619597
106,17,0.066282421
106,18,0.005763689
106,19,0
106,20,0
107,6,0
107,7,0.002881844
107,8,0.043227666
107,9,0.236311239
107,10,0.498559078
107,11,0.642651297
107,12,0.708933718
107,13,0.706051873
107,14,0.69740634
107,15,0.46685879
107,16,0.368876081
107,17,0.161383285
107,18,0.017291066
107,19,0
107,20,0
108,6,0
108,7,0.005763689
108,8,0.106628242
108,9,0.308357349
108,10,0.4870317
108,11,0.636887608
108,12,0.717579251
108,13,0.720461095
108,14,0.668587896
108,15,0.553314121
108,16,0.374639769
108,17,0.167146974
108,18,0.020172911
108,19,0
108,20,0
109,6,0
109,7,0.002881844
109,8,0.100864553
109,9,0.285302594
109,10,0.481268012
109,11,0.639769452
109,12,0.703170029
109,13,0.671469741
109,14,0.538904899
109,15,0.495677233
109,16,0.23054755
109,17,0.066282421
109,18,0.005763689
109,19,0
109,20,0
110,6,0
110,7,0
110,8,0.066282421
110,9,0.293948127
110,10,0.44092219
110,11,0.610951009
110,12,0.412103746
110,13,0.383285303
110,14,0.432276657
110,15,0.279538905
110,16,0.170028818
110,17,0.069164265
110,18,0.005763689
110,19,0
110,20,0
111,6,0
111,7,0.002881844
111,8,0.037463977
111,9,0.077809798
111,10,0.193083573
111,11,0.279538905
111,12,0.276657061
111,13,0.288184438
111,14,0.227665706
111,15,0.172910663
111,16,0.07204611
111,17,0.051873199
111,18,0.005763689
111,19,0
111,20,0
112,6,0
112,7,0
112,8,0.014409222
112,9,0.060518732
112,10,0.074927954
112,11,0.100864553
112,12,0.100864553
112,13,0.097982709
112,14,0.129682997
112,15,0.083573487
112,16,0.063400576
112,17,0.031700288
112,18,0.002881844
112,19,0
112,20,0
113,6,0
113,7,0
113,8,0.028818444
113,9,0.066282421
113,10,0.100864553
113,11,0.193083573
113,12,0.39481268
113,13,0.285302594
113,14,0.409221902
113,15,0.224783862
113,16,0.13832853
113,17,0.060518732
113,18,0.005763689
113,19,0
113,20,0
114,6,0
114,7,0
114,8,0.020172911
114,9,0.095100865
114,10,0.345821326
114,11,0.495677233
114,12,0.504322767
114,13,0.536023055
114,14,0.44092219
114,15,0.414985591
114,16,0.311239193
114,17,0.112391931
114,18,0.011527378
114,19,0
114,20,0
115,6,0
115,7,0
115,8,0.048991354
115,9,0.121037464
115,10,0.236311239
115,11,0.319884726
115,12,0.317002882
115,13,0.239193084
115,14,0.204610951
115,15,0.161383285
115,16,0.126801153
115,17,0.051873199
115,18,0.002881844
115,19,0
115,20,0
116,6,0
116,7,0
116,8,0.074927954
116,9,0.273775216
116,10,0.4870317
116,11,0.360230548
116,12,0.34870317
116,13,0.354466859
116,14,0.34870317
116,15,0.259365994
116,16,0.144092219
116,17,0.051873199
116,18,0.005763689
116,19,0
116,20,0
117,6,0
117,7,0
117,8,0.020172911
117,9,0.048991354
117,10,0.11815562
117,11,0.178674352
117,12,0.311239193
117,13,0.23054755
117,14,0.13832853
117,15,0.115273775
117,16,0.095100865
117,17,0.063400576
117,18,0.008645533
117,19,0
117,20,0
118,6,0
118,7,0
118,8,0.020172911
118,9,0.048991354
118,10,0.213256484
118,11,0.288184438
118,12,0.103746398
118,13,0.276657061
118,14,0.224783862
118,15,0.233429395
118,16,0.152737752
118,17,0.077809798
118,18,0.011527378
118,19,0
118,20,0
119,6,0
119,7,0
119,8,0.020172911
119,9,0.063400576
119,10,0.247838617
119,11,0.380403458
119,12,0.412103746
119,13,0.587896254
119,14,0.365994236
119,15,0.21037464
119,16,0.161383285
119,17,0.063400576
119,18,0.005763689
119,19,0
119,20,0
120,6,0
120,7,0
120,8,0.020172911
120,9,0.066282421
120,10,0.095100865
120,11,0.121037464
120,12,0.23054755
120,13,0.610951009
120,14,0.631123919
120,15,0.5129683
120,16,0.360230548
120,17,0.16426513
120,18,0.017291066
120,19,0
120,20,0
121,6,0
121,7,0
121,8,0.025936599
121,9,0.187319885
121,10,0.193083573
121,11,0.610951009
121,12,0.570605187
121,13,0.455331412
121,14,0.383285303
121,15,0.371757925
121,16,0.259365994
121,17,0.149855908
121,18,0.014409222
121,19,0
121,20,0
122,6,0
122,7,0
122,8,0.048991354
122,9,0.193083573
122,10,0.221902017
122,11,0.518731988
122,12,0.668587896
122,13,0.69740634
122,14,0.645533141
122,15,0.504322767
122,16,0.337175793
122,17,0.152737752
122,18,0.017291066
122,19,0
122,20,0
123,6,0
123,7,0
123,8,0.057636888
123,9,0.239193084
123,10,0.438040346
123,11,0.55907781
123,12,0.634005764
123,13,0.645533141
123,14,0.585014409
123,15,0.46685879
123,16,0.30259366
123,17,0.123919308
123,18,0.014409222
123,19,0
123,20,0
124,6,0
124,7,0
124,8,0.063400576
124,9,0.247838617
124,10,0.438040346
124,11,0.599423631
124,12,0.680115274
124,13,0.69740634
124,14,0.636887608
124,15,0.498559078
124,16,0.325648415
124,17,0.13832853
124,18,0.014409222
124,19,0
124,20,0
125,6,0
125,7,0
125,8,0.051873199
125,9,0.221902017
125,10,0.253602305
125,11,0.317002882
125,12,0.550432277
125,13,0.475504323
125,14,0.469740634
125,15,0.498559078
125,16,0.262247839
125,17,0.060518732
125,18,0.008645533
125,19,0
125,20,0
126,6,0
126,7,0
126,8,0.028818444
126,9,0.077809798
126,10,0.146974063
126,11,0.357348703
126,12,0.5129683
126,13,0.752161383
126,14,0.642651297
126,15,0.507204611
126,16,0.354466859
126,17,0.152737752
126,18,0.017291066
126,19,0
126,20,0
127,6,0
127,7,0
127,8,0.074927954
127,9,0.282420749
127,10,0.354466859
127,11,0.435158501
127,12,0.507204611
127,13,0.409221902
127,14,0.282420749
127,15,0.193083573
127,16,0.146974063
127,17,0.060518732
127,18,0.005763689
127,19,0
127,20,0
128,6,0
128,7,0
128,8,0.028818444
128,9,0.112391931
128,10,0.270893372
128,11,0.305475504
128,12,0.510086455
128,13,0.360230548
128,14,0.492795389
128,15,0.288184438
128,16,0.224783862
128,17,0.060518732
128,18,0.008645533
128,19,0
128,20,0
129,6,0
129,7,0
129,8,0.011527378
129,9,0.063400576
129,10,0.135446686
129,11,0.135446686
129,12,0.123919308
129,13,0.178674352
129,14,0.11815562
129,15,0.172910663
129,16,0.069164265
129,17,0.028818444
129,18,0.002881844
129,19,0
129,20,0
130,6,0
130,7,0
130,8,0.034582133
130,9,0.097982709
130,10,0.095100865
130,11,0.100864553
130,12,0.144092219
130,13,0.201729107
130,14,0.175792507
130,15,0.135446686
130,16,0.123919308
130,17,0.057636888
130,18,0.002881844
130,19,0
130,20,0
131,6,0
131,7,0
131,8,0.014409222
131,9,0.034582133
131,10,0.048991354
131,11,0.086455331
131,12,0.172910663
131,13,0.141210375
131,14,0.216138329
131,15,0.175792507
131,16,0.095100865
131,17,0.034582133
131,18,0.002881844
131,19,0
131,20,0
132,6,0
132,7,0
132,8,0.011527378
132,9,0.037463977
132,10,0.083573487
132,11,0.144092219
132,12,0.193083573
132,13,0.170028818
132,14,0.144092219
132,15,0.144092219
132,16,0.095100865
132,17,0.060518732
132,18,0.014409222
132,19,0
132,20,0
133,6,0
133,7,0
133,8,0.017291066
133,9,0.09221902
133,10,0.270893372
133,11,0.368876081
133,12,0.662824207
133,13,0.446685879
133,14,0.46685879
133,15,0.334293948
133,16,0.296829971
133,17,0.16426513
133,18,0.014409222
133,19,0
133,20,0
134,6,0
134,7,0
134,8,0.043227666
134,9,0.106628242
134,10,0.417867435
134,11,0.377521614
134,12,0.42074928
134,13,0.622478386
134,14,0.648414986
134,15,0.538904899
134,16,0.365994236
134,17,0.167146974
134,18,0.020172911
134,19,0
134,20,0
135,6,0
135,7,0
135,8,0.040345821
135,9,0.141210375
135,10,0.242074928
135,11,0.285302594
135,12,0.360230548
135,13,0.368876081
135,14,0.195965418
135,15,0.195965418
135,16,0.135446686
135,17,0.074927954
135,18,0.011527378
135,19,0
135,20,0
136,6,0
136,7,0
136,8,0.028818444
136,9,0.115273775
136,10,0.377521614
136,11,0.510086455
136,12,0.570605187
136,13,0.708933718
136,14,0.521613833
136,15,0.478386167
136,16,0.314121037
136,17,0.135446686
136,18,0.025936599
136,19,0
136,20,0
137,6,0
137,7,0
137,8,0.031700288
137,9,0.077809798
137,10,0.144092219
137,11,0.288184438
137,12,0.291066282
137,13,0.544668588
137,14,0.389048991
137,15,0.449567723
137,16,0.285302594
137,17,0.11815562
137,18,0.017291066
137,19,0
137,20,0
138,6,0
138,7,0
138,8,0.034582133
138,9,0.152737752
138,10,0.345821326
138,11,0.524495677
138,12,0.631123919
138,13,0.469740634
138,14,0.518731988
138,15,0.461095101
138,16,0.319884726
138,17,0.146974063
138,18,0.020172911
138,19,0
138,20,0
139,6,0
139,7,0
139,8,0.043227666
139,9,0.204610951
139,10,0.377521614
139,11,0.521613833
139,12,0.613832853
139,13,0.602305476
139,14,0.593659942
139,15,0.507204611
139,16,0.337175793
139,17,0.146974063
139,18,0.020172911
139,19,0
139,20,0
140,6,0
140,7,0
140,8,0.04610951
140,9,0.207492795
140,10,0.391930836
140,11,0.553314121
140,12,0.619596542
140,13,0.657060519
140,14,0.593659942
140,15,0.458213256
140,16,0.296829971
140,17,0.13832853
140,18,0.017291066
140,19,0
140,20,0
141,6,0
141,7,0
141,8,0.04610951
141,9,0.219020173
141,10,0.414985591
141,11,0.570605187
141,12,0.668587896
141,13,0.691642651
141,14,0.639769452
141,15,0.530259366
141,16,0.374639769
141,17,0.18443804
141,18,0.025936599
141,19,0
141,20,0
142,6,0
142,7,0
142,8,0.04610951
142,9,0.224783862
142,10,0.414985591
142,11,0.57925072
142,12,0.659942363
142,13,0.682997118
142,14,0.622478386
142,15,0.504322767
142,16,0.342939481
142,17,0.158501441
142,18,0.023054755
142,19,0
142,20,0
143,6,0
143,7,0
143,8,0.048991354
143,9,0.236311239
143,10,0.429394813
143,11,0.582132565
143,12,0.671469741
143,13,0.671469741
143,14,0.619596542
143,15,0.507204611
143,16,0.357348703
143,17,0.172910663
143,18,0.025936599
143,19,0
143,20,0
144,6,0
144,7,0
144,8,0.043227666
144,9,0.21037464
144,10,0.397694524
144,11,0.536023055
144,12,0.628242075
144,13,0.677233429
144,14,0.631123919
144,15,0.521613833
144,16,0.363112392
144,17,0.172910663
144,18,0.025936599
144,19,0
144,20,0
145,6,0
145,7,0
145,8,0.040345821
145,9,0.201729107
145,10,0.403458213
145,11,0.550432277
145,12,0.642651297
145,13,0.668587896
145,14,0.628242075
145,15,0.510086455
145,16,0.371757925
145,17,0.178674352
145,18,0.025936599
145,19,0
145,20,0
146,6,0
146,7,0
146,8,0.043227666
146,9,0.216138329
146,10,0.414985591
146,11,0.573487032
146,12,0.674351585
146,13,0.703170029
146,14,0.65129683
146,15,0.538904899
146,16,0.377521614
146,17,0.181556196
146,18,0.028818444
146,19,0
146,20,0
147,6,0
147,7,0
147,8,0.043227666
147,9,0.149855908
147,10,0.103746398
147,11,0.16426513
147,12,0.363112392
147,13,0.383285303
147,14,0.544668588
147,15,0.495677233
147,16,0.221902017
147,17,0.13832853
147,18,0.023054755
147,19,0
147,20,0
148,6,0
148,7,0
148,8,0.037463977
148,9,0.190201729
148,10,0.357348703
148,11,0.504322767
148,12,0.60518732
148,13,0.628242075
148,14,0.553314121
148,15,0.478386167
148,16,0.354466859
148,17,0.158501441
148,18,0.023054755
148,19,0
148,20,0
149,6,0
149,7,0
149,8,0.017291066
149,9,0.09221902
149,10,0.190201729
149,11,0.247838617
149,12,0.279538905
149,13,0.478386167
149,14,0.561959654
149,15,0.455331412
149,16,0.30259366
149,17,0.141210375
149,18,0.023054755
149,19,0
149,20,0
150,6,0
150,7,0
150,8,0.017291066
150,9,0.106628242
150,10,0.247838617
150,11,0.472622478
150,12,0.567723343
150,13,0.671469741
150,14,0.628242075
150,15,0.530259366
150,16,0.391930836
150,17,0.195965418
150,18,0.031700288
150,19,0
150,20,0
151,6,0
151,7,0
151,8,0.023054755
151,9,0.13832853
151,10,0.34870317
151,11,0.53314121
151,12,0.622478386
151,13,0.625360231
151,14,0.648414986
151,15,0.504322767
151,16,0.34870317
151,17,0.181556196
151,18,0.034582133
151,19,0
151,20,0
152,6,0
152,7,0
152,8,0.028818444
152,9,0.16426513
152,10,0.351585014
152,11,0.504322767
152,12,0.608069164
152,13,0.654178674
152,14,0.619596542
152,15,0.5129683
152,16,0.357348703
152,17,0.178674352
152,18,0.034582133
152,19,0
152,20,0
153,6,0
153,7,0
153,8,0.017291066
153,9,0.100864553
153,10,0.149855908
153,11,0.236311239
153,12,0.397694524
153,13,0.544668588
153,14,0.412103746
153,15,0.331412104
153,16,0.236311239
153,17,0.181556196
153,18,0.037463977
153,19,0
153,20,0
154,6,0
154,7,0
154,8,0.028818444
154,9,0.158501441
154,10,0.308357349
154,11,0.44092219
154,12,0.556195965
154,13,0.636887608
154,14,0.608069164
154,15,0.504322767
154,16,0.354466859
154,17,0.181556196
154,18,0.034582133
154,19,0
154,20,0
155,6,0
155,7,0
155,8,0.023054755
155,9,0.097982709
155,10,0.095100865
155,11,0.187319885
155,12,0.504322767
155,13,0.55907781
155,14,0.587896254
155,15,0.489913545
155,16,0.345821326
155,17,0.16426513
155,18,0.034582133
155,19,0
155,20,0
156,6,0
156,7,0
156,8,0.011527378
156,9,0.086455331
156,10,0.106628242
156,11,0.175792507
156,12,0.308357349
156,13,0.44092219
156,14,0.314121037
156,15,0.259365994
156,16,0.181556196
156,17,0.086455331
156,18,0.023054755
156,19,0
156,20,0
157,6,0
157,7,0
157,8,0.020172911
157,9,0.121037464
157,10,0.273775216
157,11,0.406340058
157,12,0.484149856
157,13,0.510086455
157,14,0.489913545
157,15,0.432276657
157,16,0.293948127
157,17,0.132564841
157,18,0.025936599
157,19,0
157,20,0
158,6,0
158,7,0
158,8,0.017291066
158,9,0.089337176
158,10,0.242074928
158,11,0.463976945
158,12,0.573487032
158,13,0.616714697
158,14,0.570605187
158,15,0.443804035
158,16,0.288184438
158,17,0.149855908
158,18,0.031700288
158,19,0
158,20,0
159,6,0
159,7,0
159,8,0.025936599
159,9,0.069164265
159,10,0.060518732
159,11,0.115273775
159,12,0.161383285
159,13,0.328530259
159,14,0.409221902
159,15,0.328530259
159,16,0.317002882
159,17,0.152737752
159,18,0.031700288
159,19,0
159,20,0
160,6,0
160,7,0
160,8,0.025936599
160,9,0.095100865
160,10,0.345821326
160,11,0.403458213
160,12,0.567723343
160,13,0.668587896
160,14,0.628242075
160,15,0.504322767
160,16,0.270893372
160,17,0.135446686
160,18,0.023054755
160,19,0
160,20,0
161,6,0
161,7,0
161,8,0.005763689
161,9,0.034582133
161,10,0.028818444
161,11,0.149855908
161,12,0.305475504
161,13,0.351585014
161,14,0.282420749
161,15,0.106628242
161,16,0.074927954
161,17,0.031700288
161,18,0.008645533
161,19,0
161,20,0
162,6,0
162,7,0
162,8,0.002881844
162,9,0.017291066
162,10,0.028818444
162,11,0.057636888
162,12,0.080691643
162,13,0.060518732
162,14,0.048991354
162,15,0.040345821
162,16,0.043227666
162,17,0.017291066
162,18,0.002881844
162,19,0
162,20,0
163,6,0
163,7,0
163,8,0.011527378
163,9,0.077809798
163,10,0.123919308
163,11,0.195965418
163,12,0.244956772
163,13,0.233429395
163,14,0.279538905
163,15,0.207492795
163,16,0.115273775
163,17,0.051873199
163,18,0.020172911
163,19,0
163,20,0
164,6,0
164,7,0
164,8,0.011527378
164,9,0.066282421
164,10,0.132564841
164,11,0.250720461
164,12,0.386167147
164,13,0.544668588
164,14,0.622478386
164,15,0.518731988
164,16,0.331412104
164,17,0.158501441
164,18,0.048991354
164,19,0
164,20,0
165,6,0
165,7,0
165,8,0.023054755
165,9,0.109510086
165,10,0.305475504
165,11,0.481268012
165,12,0.648414986
165,13,0.671469741
165,14,0.567723343
165,15,0.475504323
165,16,0.34870317
165,17,0.155619597
165,18,0.051873199
165,19,0
165,20,0
166,6,0
166,7,0
166,8,0.023054755
166,9,0.167146974
166,10,0.308357349
166,11,0.400576369
166,12,0.34870317
166,13,0.340057637
166,14,0.213256484
166,15,0.014409222
166,16,0.048991354
166,17,0.020172911
166,18,0.002881844
166,19,0
166,20,0
167,6,0
167,7,0
167,8,0.020172911
167,9,0.080691643
167,10,0.152737752
167,11,0.144092219
167,12,0.11815562
167,13,0.144092219
167,14,0.149855908
167,15,0.121037464
167,16,0.066282421
167,17,0.031700288
167,18,0.005763689
167,19,0
167,20,0
168,6,0
168,7,0
168,8,0.005763689
168,9,0.028818444
168,10,0.074927954
168,11,0.115273775
168,12,0.146974063
168,13,0.152737752
168,14,0.16426513
168,15,0.11815562
168,16,0.09221902
168,17,0.043227666
168,18,0.008645533
168,19,0
168,20,0
169,6,0
169,7,0
169,8,0.011527378
169,9,0.121037464
169,10,0.30259366
169,11,0.530259366
169,12,0.547550432
169,13,0.599423631
169,14,0.634005764
169,15,0.510086455
169,16,0.377521614
169,17,0.201729107
169,18,0.048991354
169,19,0
169,20,0
170,6,0
170,7,0
170,8,0.005763689
170,9,0.028818444
170,10,0.063400576
170,11,0.097982709
170,12,0.097982709
170,13,0.086455331
170,14,0.097982709
170,15,0.080691643
170,16,0.063400576
170,17,0.031700288
170,18,0.005763689
170,19,0
170,20,0
171,6,0
171,7,0
171,8,0.031700288
171,9,0.178674352
171,10,0.363112392
171,11,0.536023055
171,12,0.65129683
171,13,0.685878963
171,14,0.65129683
171,15,0.544668588
171,16,0.400576369
171,17,0.224783862
171,18,0.057636888
171,19,0
171,20,0
172,6,0
172,7,0
172,8,0.023054755
172,9,0.132564841
172,10,0.340057637
172,11,0.368876081
172,12,0.5129683
172,13,0.682997118
172,14,0.645533141
172,15,0.541786744
172,16,0.417867435
172,17,0.146974063
172,18,0.037463977
172,19,0
172,20,0
173,6,0
173,7,0
173,8,0.028818444
173,9,0.167146974
173,10,0.337175793
173,11,0.495677233
173,12,0.596541787
173,13,0.631123919
173,14,0.590778098
173,15,0.489913545
173,16,0.351585014
173,17,0.18443804
173,18,0.04610951
173,19,0
173,20,0
174,6,0
174,7,0
174,8,0.031700288
174,9,0.170028818
174,10,0.328530259
174,11,0.472622478
174,12,0.57925072
174,13,0.654178674
174,14,0.585014409
174,15,0.481268012
174,16,0.340057637
174,17,0.178674352
174,18,0.043227666
174,19,0
174,20,0
175,6,0
175,7,0
175,8,0.031700288
175,9,0.16426513
175,10,0.337175793
175,11,0.504322767
175,12,0.616714697
175,13,0.659942363
175,14,0.625360231
175,15,0.510086455
175,16,0.357348703
175,17,0.178674352
175,18,0.043227666
175,19,0
175,20,0
176,6,0
176,7,0
176,8,0.025936599
176,9,0.146974063
176,10,0.314121037
176,11,0.478386167
176,12,0.602305476
176,13,0.657060519
176,14,0.628242075
176,15,0.538904899
176,16,0.39481268
176,17,0.21037464
176,18,0.051873199
176,19,0
176,20,0
177,6,0
177,7,0
177,8,0.028818444
177,9,0.146974063
177,10,0.314121037
177,11,0.469740634
177,12,0.570605187
177,13,0.619596542
177,14,0.590778098
177,15,0.484149856
177,16,0.236311239
177,17,0.13832853
177,18,0.028818444
177,19,0
177,20,0
178,6,0
178,7,0
178,8,0.031700288
178,9,0.126801153
178,10,0.244956772
178,11,0.305475504
178,12,0.423631124
178,13,0.270893372
178,14,0.135446686
178,15,0.155619597
178,16,0.146974063
178,17,0.057636888
178,18,0.023054755
178,19,0
178,20,0
179,6,0
179,7,0
179,8,0.025936599
179,9,0.097982709
179,10,0.268011527
179,11,0.296829971
179,12,0.547550432
179,13,0.726224784
179,14,0.703170029
179,15,0.60518732
179,16,0.452449568
179,17,0.259365994
179,18,0.077809798
179,19,0
179,20,0
180,6,0
180,7,0
180,8,0.031700288
180,9,0.112391931
180,10,0.273775216
180,11,0.484149856
180,12,0.700288184
180,13,0.726224784
180,14,0.671469741
180,15,0.556195965
180,16,0.342939481
180,17,0.207492795
180,18,0.048991354
180,19,0
180,20,0
181,6,0
181,7,0
181,8,0.005763689
181,9,0.048991354
181,10,0.144092219
181,11,0.227665706
181,12,0.314121037
181,13,0.432276657
181,14,0.547550432
181,15,0.561959654
181,16,0.42074928
181,17,0.236311239
181,18,0.066282421
181,19,0
181,20,0
182,6,0
182,7,0
182,8,0.017291066
182,9,0.051873199
182,10,0.201729107
182,11,0.213256484
182,12,0.242074928
182,13,0.417867435
182,14,0.585014409
182,15,0.547550432
182,16,0.322766571
182,17,0.129682997
182,18,0.048991354
182,19,0
182,20,0
183,6,0
183,7,0
183,8,0.005763689
183,9,0.028818444
183,10,0.126801153
183,11,0.11815562
183,12,0.293948127
183,13,0.25648415
183,14,0.221902017
183,15,0.21037464
183,16,0.074927954
183,17,0.037463977
183,18,0.017291066
183,19,0
183,20,0
184,6,0
184,7,0
184,8,0.023054755
184,9,0.18443804
184,10,0.265129683
184,11,0.296829971
184,12,0.46685879
184,13,0.244956772
184,14,0.285302594
184,15,0.317002882
184,16,0.16426513
184,17,0.089337176
184,18,0.060518732
184,19,0
184,20,0
185,6,0
185,7,0
185,8,0.025936599
185,9,0.11815562
185,10,0.219020173
185,11,0.391930836
185,12,0.340057637
185,13,0.541786744
185,14,0.694524496
185,15,0.587896254
185,16,0.432276657
185,17,0.244956772
185,18,0.080691643
185,19,0
185,20,0
186,6,0
186,7,0
186,8,0.011527378
186,9,0.037463977
186,10,0.103746398
186,11,0.158501441
186,12,0.216138329
186,13,0.242074928
186,14,0.190201729
186,15,0.149855908
186,16,0.080691643
186,17,0.034582133
186,18,0.011527378
186,19,0
186,20,0
187,6,0
187,7,0
187,8,0.025936599
187,9,0.07204611
187,10,0.121037464
187,11,0.30259366
187,12,0.39481268
187,13,0.53314121
187,14,0.371757925
187,15,0.331412104
187,16,0.158501441
187,17,0.040345821
187,18,0.023054755
187,19,0
187,20,0
188,6,0
188,7,0
188,8,0.051873199
188,9,0.207492795
188,10,0.30259366
188,11,0.308357349
188,12,0.357348703
188,13,0.657060519
188,14,0.740634006
188,15,0.639769452
188,16,0.42074928
188,17,0.193083573
188,18,0.074927954
188,19,0
188,20,0
189,6,0
189,7,0
189,8,0.008645533
189,9,0.025936599
189,10,0.060518732
189,11,0.100864553
189,12,0.123919308
189,13,0.126801153
189,14,0.149855908
189,15,0.146974063
189,16,0.07204611
189,17,0.025936599
189,18,0.014409222
189,19,0
189,20,0
190,6,0
190,7,0
190,8,0.025936599
190,9,0.141210375
190,10,0.161383285
190,11,0.158501441
190,12,0.273775216
190,13,0.21037464
190,14,0.16426513
190,15,0.216138329
190,16,0.04610951
190,17,0.011527378
190,18,0.002881844
190,19,0
190,20,0
191,6,0
191,7,0
191,8,0.014409222
191,9,0.040345821
191,10,0.060518732
191,11,0.239193084
191,12,0.187319885
191,13,0.155619597
191,14,0.146974063
191,15,0.190201729
191,16,0.089337176
191,17,0.040345821
191,18,0.023054755
191,19,0
191,20,0
192,6,0
192,7,0
192,8,0.008645533
192,9,0.040345821
192,10,0.063400576
192,11,0.089337176
192,12,0.144092219
192,13,0.141210375
192,14,0.123919308
192,15,0.112391931
192,16,0.095100865
192,17,0.048991354
192,18,0.008645533
192,19,0
192,20,0
193,6,0
193,7,0
193,8,0.017291066
193,9,0.077809798
193,10,0.178674352
193,11,0.328530259
193,12,0.233429395
193,13,0.340057637
193,14,0.53314121
193,15,0.368876081
193,16,0.340057637
193,17,0.152737752
193,18,0.034582133
193,19,0
193,20,0
194,6,0
194,7,0
194,8,0.005763689
194,9,0.043227666
194,10,0.083573487
194,11,0.083573487
194,12,0.216138329
194,13,0.16426513
194,14,0.149855908
194,15,0.129682997
194,16,0.063400576
194,17,0.025936599
194,18,0.008645533
194,19,0
194,20,0
195,6,0
195,7,0
195,8,0.005763689
195,9,0.028818444
195,10,0.103746398
195,11,0.132564841
195,12,0.135446686
195,13,0.100864553
195,14,0.074927954
195,15,0.100864553
195,16,0.07204611
195,17,0.037463977
195,18,0.020172911
195,19,0
195,20,0
196,6,0
196,7,0
196,8,0.005763689
196,9,0.023054755
196,10,0.037463977
196,11,0.066282421
196,12,0.115273775
196,13,0.16426513
196,14,0.097982709
196,15,0.048991354
196,16,0.07204611
196,17,0.040345821
196,18,0.008645533
196,19,0
196,20,0
197,6,0
197,7,0
197,8,0.014409222
197,9,0.025936599
197,10,0.034582133
197,11,0.054755043
197,12,0.11815562
197,13,0.09221902
197,14,0.051873199
197,15,0.063400576
197,16,0.080691643
197,17,0.034582133
197,18,0.023054755
197,19,0
197,20,0
198,6,0
198,7,0
198,8,0.023054755
198,9,0.066282421
198,10,0.028818444
198,11,0.028818444
198,12,0.051873199
198,13,0.097982709
198,14,0.109510086
198,15,0.07204611
198,16,0.066282421
198,17,0.031700288
198,18,0.008645533
198,19,0
198,20,0
199,6,0
199,7,0
199,8,0.037463977
199,9,0.112391931
199,10,0.25648415
199,11,0.593659942
199,12,0.723342939
199,13,0.809798271
199,14,0.780979827
199,15,0.665706052
199,16,0.504322767
199,17,0.299711816
199,18,0.100864553
199,19,0.002881844
199,20,0
200,6,0
200,7,0
200,8,0.057636888
200,9,0.227665706
200,10,0.429394813
200,11,0.60518732
200,12,0.720461095
200,13,0.792507205
200,14,0.766570605
200,15,0.648414986
200,16,0.317002882
200,17,0.149855908
200,18,0.089337176
200,19,0.002881844
200,20,0
201,6,0
201,7,0
201,8,0.008645533
201,9,0.057636888
201,10,0.121037464
201,11,0.167146974
201,12,0.268011527
201,13,0.204610951
201,14,0.250720461
201,15,0.270893372
201,16,0.152737752
201,17,0.083573487
201,18,0.031700288
201,19,0
201,20,0
202,6,0
202,7,0
202,8,0.017291066
202,9,0.083573487
202,10,0.170028818
202,11,0.201729107
202,12,0.195965418
202,13,0.181556196
202,14,0.331412104
202,15,0.244956772
202,16,0.155619597
202,17,0.089337176
202,18,0.037463977
202,19,0.002881844
202,20,0
203,6,0
203,7,0
203,8,0.017291066
203,9,0.077809798
203,10,0.161383285
203,11,0.21037464
203,12,0.135446686
203,13,0.227665706
203,14,0.262247839
203,15,0.299711816
203,16,0.158501441
203,17,0.213256484
203,18,0.048991354
203,19,0.002881844
203,20,0
204,6,0
204,7,0
204,8,0.017291066
204,9,0.04610951
204,10,0.069164265
204,11,0.115273775
204,12,0.095100865
204,13,0.126801153
204,14,0.161383285
204,15,0.129682997
204,16,0.077809798
204,17,0.060518732
204,18,0.028818444
204,19,0.002881844
204,20,0
205,6,0
205,7,0
205,8,0.008645533
205,9,0.037463977
205,10,0.054755043
205,11,0.11815562
205,12,0.11815562
205,13,0.155619597
205,14,0.132564841
205,15,0.103746398
205,16,0.080691643
205,17,0.063400576
205,18,0.014409222
205,19,0
205,20,0
206,6,0
206,7,0
206,8,0.008645533
206,9,0.025936599
206,10,0.051873199
206,11,0.103746398
206,12,0.132564841
206,13,0.074927954
206,14,0.057636888
206,15,0.060518732
206,16,0.040345821
206,17,0.025936599
206,18,0.017291066
206,19,0
206,20,0
207,6,0
207,7,0
207,8,0.020172911
207,9,0.023054755
207,10,0.051873199
207,11,0.080691643
207,12,0.144092219
207,13,0.227665706
207,14,0.25648415
207,15,0.239193084
207,16,0.21037464
207,17,0.095100865
207,18,0.025936599
207,19,0
207,20,0
208,6,0
208,7,0
208,8,0.020172911
208,9,0.066282421
208,10,0.126801153
208,11,0.265129683
208,12,0.319884726
208,13,0.285302594
208,14,0.242074928
208,15,0.190201729
208,16,0.123919308
208,17,0.063400576
208,18,0.014409222
208,19,0
208,20,0
209,6,0
209,7,0
209,8,0.008645533
209,9,0.031700288
209,10,0.080691643
209,11,0.129682997
209,12,0.195965418
209,13,0.331412104
209,14,0.273775216
209,15,0.132564841
209,16,0.048991354
209,17,0.048991354
209,18,0.011527378
209,19,0
209,20,0
210,6,0
210,7,0
210,8,0.025936599
210,9,0.149855908
210,10,0.463976945
210,11,0.642651297
210,12,0.760806916
210,13,0.812680115
210,14,0.783861671
210,15,0.677233429
210,16,0.504322767
210,17,0.30259366
210,18,0.109510086
210,19,0.005763689
210,20,0
211,6,0
211,7,0
211,8,0.080691643
211,9,0.172910663
211,10,0.414985591
211,11,0.564841499
211,12,0.78962536
211,13,0.847262248
211,14,0.809798271
211,15,0.694524496
211,16,0.334293948
211,17,0.161383285
211,18,0.037463977
211,19,0
211,20,0
212,6,0
212,7,0
212,8,0.020172911
212,9,0.16426513
212,10,0.285302594
212,11,0.57925072
212,12,0.749279539
212,13,0.832853026
212,14,0.780979827
212,15,0.648414986
212,16,0.501440922
212,17,0.204610951
212,18,0.063400576
212,19,0.008645533
212,20,0
213,6,0
213,7,0
213,8,0.031700288
213,9,0.11815562
213,10,0.178674352
213,11,0.371757925
213,12,0.391930836
213,13,0.472622478
213,14,0.406340058
213,15,0.285302594
213,16,0.193083573
213,17,0.123919308
213,18,0.074927954
213,19,0.005763689
213,20,0
214,6,0
214,7,0
214,8,0.04610951
214,9,0.095100865
214,10,0.213256484
214,11,0.314121037
214,12,0.550432277
214,13,0.530259366
214,14,0.386167147
214,15,0.285302594
214,16,0.097982709
214,17,0.07204611
214,18,0.034582133
214,19,0.002881844
214,20,0
215,6,0
215,7,0.002881844
215,8,0.04610951
215,9,0.144092219
215,10,0.18443804
215,11,0.167146974
215,12,0.172910663
215,13,0.239193084
215,14,0.167146974
215,15,0.11815562
215,16,0.07204611
215,17,0.066282421
215,18,0.014409222
215,19,0.002881844
215,20,0
216,6,0
216,7,0
216,8,0.028818444
216,9,0.057636888
216,10,0.16426513
216,11,0.242074928
216,12,0.308357349
216,13,0.288184438
216,14,0.193083573
216,15,0.331412104
216,16,0.146974063
216,17,0.040345821
216,18,0.020172911
216,19,0.002881844
216,20,0
217,6,0
217,7,0
217,8,0.014409222
217,9,0.037463977
217,10,0.132564841
217,11,0.167146974
217,12,0.158501441
217,13,0.224783862
217,14,0.34870317
217,15,0.193083573
217,16,0.080691643
217,17,0.063400576
217,18,0.043227666
217,19,0.002881844
217,20,0
218,6,0
218,7,0
218,8,0.008645533
218,9,0.100864553
218,10,0.181556196
218,11,0.16426513
218,12,0.18443804
218,13,0.141210375
218,14,0.11815562
218,15,0.123919308
218,16,0.077809798
218,17,0.057636888
218,18,0.023054755
218,19,0.002881844
218,20,0
219,6,0
219,7,0
219,8,0.017291066
219,9,0.037463977
219,10,0.181556196
219,11,0.279538905
219,12,0.429394813
219,13,0.610951009
219,14,0.325648415
219,15,0.213256484
219,16,0.236311239
219,17,0.126801153
219,18,0.066282421
219,19,0.002881844
219,20,0
220,6,0
220,7,0.002881844
220,8,0.020172911
220,9,0.063400576
220,10,0.242074928
220,11,0.187319885
220,12,0.155619597
220,13,0.13832853
220,14,0.103746398
220,15,0.057636888
220,16,0.057636888
220,17,0.017291066
220,18,0.014409222
220,19,0
220,20,0
221,6,0
221,7,0
221,8,0.025936599
221,9,0.060518732
221,10,0.109510086
221,11,0.155619597
221,12,0.161383285
221,13,0.265129683
221,14,0.146974063
221,15,0.103746398
221,16,0.054755043
221,17,0.037463977
221,18,0.014409222
221,19,0
221,20,0
222,6,0
222,7,0
222,8,0.023054755
222,9,0.066282421
222,10,0.09221902
222,11,0.09221902
222,12,0.129682997
222,13,0.170028818
222,14,0.193083573
222,15,0.152737752
222,16,0.121037464
222,17,0.074927954
222,18,0.04610951
222,19,0.002881844
222,20,0
223,6,0
223,7,0
223,8,0.023054755
223,9,0.080691643
223,10,0.146974063
223,11,0.216138329
223,12,0.291066282
223,13,0.34870317
223,14,0.270893372
223,15,0.276657061
223,16,0.16426513
223,17,0.077809798
223,18,0.043227666
223,19,0.002881844
223,20,0
224,6,0
224,7,0
224,8,0.011527378
224,9,0.066282421
224,10,0.106628242
224,11,0.135446686
224,12,0.18443804
224,13,0.305475504
224,14,0.276657061
224,15,0.198847262
224,16,0.198847262
224,17,0.155619597
224,18,0.040345821
224,19,0.002881844
224,20,0
225,6,0
225,7,0.002881844
225,8,0.040345821
225,9,0.109510086
225,10,0.167146974
225,11,0.233429395
225,12,0.293948127
225,13,0.325648415
225,14,0.198847262
225,15,0.190201729
225,16,0.109510086
225,17,0.054755043
225,18,0.014409222
225,19,0
225,20,0
226,6,0
226,7,0
226,8,0.002881844
226,9,0.043227666
226,10,0.11815562
226,11,0.337175793
226,12,0.334293948
226,13,0.455331412
226,14,0.4870317
226,15,0.449567723
226,16,0.181556196
226,17,0.106628242
226,18,0.07204611
226,19,0.011527378
226,20,0
227,6,0
227,7,0.005763689
227,8,0.146974063
227,9,0.354466859
227,10,0.619596542
227,11,0.827089337
227,12,0.933717579
227,13,0.933717579
227,14,0.884726225
227,15,0.778097983
227,16,0.585014409
227,17,0.279538905
227,18,0.112391931
227,19,0.011527378
227,20,0
228,6,0
228,7,0.002881844
228,8,0.057636888
228,9,0.115273775
228,10,0.270893372
228,11,0.351585014
228,12,0.345821326
228,13,0.279538905
228,14,0.170028818
228,15,0.086455331
228,16,0.04610951
228,17,0.100864553
228,18,0.048991354
228,19,0.002881844
228,20,0
229,6,0
229,7,0
229,8,0.011527378
229,9,0.051873199
229,10,0.037463977
229,11,0.034582133
229,12,0.034582133
229,13,0.095100865
229,14,0.239193084
229,15,0.121037464
229,16,0.100864553
229,17,0.066282421
229,18,0.017291066
229,19,0
229,20,0
230,6,0
230,7,0.002881844
230,8,0.034582133
230,9,0.23054755
230,10,0.484149856
230,11,0.671469741
230,12,0.775216138
230,13,0.737752161
230,14,0.610951009
230,15,0.685878963
230,16,0.478386167
230,17,0.244956772
230,18,0.100864553
230,19,0.005763689
230,20,0
231,6,0
231,7,0.008645533
231,8,0.086455331
231,9,0.187319885
231,10,0.282420749
231,11,0.282420749
231,12,0.484149856
231,13,0.593659942
231,14,0.518731988
231,15,0.449567723
231,16,0.265129683
231,17,0.158501441
231,18,0.07204611
231,19,0.008645533
231,20,0
232,6,0
232,7,0.005763689
232,8,0.040345821
232,9,0.09221902
232,10,0.276657061
232,11,0.489913545
232,12,0.564841499
232,13,0.573487032
232,14,0.556195965
232,15,0.285302594
232,16,0.106628242
232,17,0.051873199
232,18,0.020172911
232,19,0
232,20,0
233,6,0
233,7,0.002881844
233,8,0.054755043
233,9,0.265129683
233,10,0.489913545
233,11,0.723342939
233,12,0.775216138
233,13,0.867435159
233,14,0.804034582
233,15,0.648414986
233,16,0.498559078
233,17,0.253602305
233,18,0.152737752
233,19,0.008645533
233,20,0
234,6,0
234,7,0.017291066
234,8,0.161383285
234,9,0.340057637
234,10,0.585014409
234,11,0.662824207
234,12,0.463976945
234,13,0.573487032
234,14,0.46685879
234,15,0.864553314
234,16,0.711815562
234,17,0.342939481
234,18,0.063400576
234,19,0.014409222
234,20,0
235,6,0
235,7,0.011527378
235,8,0.04610951
235,9,0.288184438
235,10,0.57925072
235,11,0.538904899
235,12,0.322766571
235,13,0.409221902
235,14,0.628242075
235,15,0.4870317
235,16,0.414985591
235,17,0.354466859
235,18,0.121037464
235,19,0.011527378
235,20,0
236,6,0
236,7,0.005763689
236,8,0.063400576
236,9,0.195965418
236,10,0.253602305
236,11,0.42074928
236,12,0.711815562
236,13,0.734870317
236,14,0.930835735
236,15,0.726224784
236,16,0.585014409
236,17,0.354466859
236,18,0.103746398
236,19,0.014409222
236,20,0
237,6,0
237,7,0.005763689
237,8,0.037463977
237,9,0.077809798
237,10,0.129682997
237,11,0.155619597
237,12,0.322766571
237,13,0.55907781
237,14,0.510086455
237,15,0.403458213
237,16,0.484149856
237,17,0.317002882
237,18,0.100864553
237,19,0.011527378
237,20,0
238,6,0
238,7,0.002881844
238,8,0.011527378
238,9,0.037463977
238,10,0.112391931
238,11,0.201729107
238,12,0.181556196
238,13,0.495677233
238,14,0.527377522
238,15,0.414985591
238,16,0.371757925
238,17,0.09221902
238,18,0.040345821
238,19,0.002881844
238,20,0
239,6,0
239,7,0.005763689
239,8,0.034582133
239,9,0.123919308
239,10,0.524495677
239,11,0.703170029
239,12,0.812680115
239,13,0.893371758
239,14,0.824207493
239,15,0.717579251
239,16,0.495677233
239,17,0.190201729
239,18,0.103746398
239,19,0.011527378
239,20,0
240,6,0
240,7,0.023054755
240,8,0.115273775
240,9,0.337175793
240,10,0.634005764
240,11,0.711815562
240,12,0.737752161
240,13,0.853025937
240,14,0.922190202
240,15,0.812680115
240,16,0.608069164
240,17,0.377521614
240,18,0.155619597
240,19,0.017291066
240,20,0
241,6,0
241,7,0.017291066
241,8,0.097982709
241,9,0.213256484
241,10,0.504322767
241,11,0.757925072
241,12,0.899135447
241,13,0.919308357
241,14,0.878962536
241,15,0.755043228
241,16,0.587896254
241,17,0.377521614
241,18,0.16426513
241,19,0.017291066
241,20,0
242,6,0
242,7,0.023054755
242,8,0.170028818
242,9,0.377521614
242,10,0.585014409
242,11,0.755043228
242,12,0.734870317
242,13,0.804034582
242,14,0.708933718
242,15,0.746397695
242,16,0.507204611
242,17,0.342939481
242,18,0.146974063
242,19,0.014409222
242,20,0
243,6,0
243,7,0.023054755
243,8,0.129682997
243,9,0.190201729
243,10,0.285302594
243,11,0.521613833
243,12,0.682997118
243,13,0.57925072
243,14,0.824207493
243,15,0.766570605
243,16,0.590778098
243,17,0.371757925
243,18,0.155619597
243,19,0.014409222
243,20,0
244,6,0
244,7,0.020172911
244,8,0.083573487
244,9,0.178674352
244,10,0.363112392
244,11,0.657060519
244,12,0.556195965
244,13,0.593659942
244,14,0.829971182
244,15,0.536023055
244,16,0.573487032
244,17,0.293948127
244,18,0.11815562
244,19,0.011527378
244,20,0
245,6,0
245,7,0.020172911
245,8,0.170028818
245,9,0.389048991
245,10,0.608069164
245,11,0.780979827
245,12,0.870317003
245,13,0.933717579
245,14,0.887608069
245,15,0.726224784
245,16,0.602305476
245,17,0.368876081
245,18,0.161383285
245,19,0.017291066
245,20,0
246,6,0
246,7,0.020172911
246,8,0.175792507
246,9,0.412103746
246,10,0.628242075
246,11,0.668587896
246,12,0.472622478
246,13,0.481268012
246,14,0.662824207
246,15,0.596541787
246,16,0.625360231
246,17,0.236311239
246,18,0.054755043
246,19,0.002881844
246,20,0
247,6,0
247,7,0.002881844
247,8,0.017291066
247,9,0.051873199
247,10,0.074927954
247,11,0.089337176
247,12,0.152737752
247,13,0.242074928
247,14,0.383285303
247,15,0.380403458
247,16,0.391930836
247,17,0.227665706
247,18,0.100864553
247,19,0.011527378
247,20,0
248,6,0
248,7,0.002881844
248,8,0.020172911
248,9,0.048991354
248,10,0.089337176
248,11,0.18443804
248,12,0.328530259
248,13,0.334293948
248,14,0.317002882
248,15,0.265129683
248,16,0.167146974
248,17,0.135446686
248,18,0.057636888
248,19,0.005763689
248,20,0
249,6,0
249,7,0.005763689
249,8,0.028818444
249,9,0.069164265
249,10,0.095100865
249,11,0.198847262
249,12,0.363112392
249,13,0.57925072
249,14,0.593659942
249,15,0.412103746
249,16,0.319884726
249,17,0.247838617
249,18,0.080691643
249,19,0.011527378
249,20,0
250,6,0
250,7,0.014409222
250,8,0.097982709
250,9,0.201729107
250,10,0.342939481
250,11,0.400576369
250,12,0.481268012
250,13,0.432276657
250,14,0.279538905
250,15,0.187319885
250,16,0.109510086
250,17,0.04610951
250,18,0.011527378
250,19,0
250,20,0
251,6,0
251,7,0.002881844
251,8,0.005763689
251,9,0.031700288
251,10,0.074927954
251,11,0.103746398
251,12,0.158501441
251,13,0.097982709
251,14,0.043227666
251,15,0.037463977
251,16,0.025936599
251,17,0.017291066
251,18,0.011527378
251,19,0
251,20,0
252,6,0
252,7,0.002881844
252,8,0.028818444
252,9,0.028818444
252,10,0.057636888
252,11,0.146974063
252,12,0.100864553
252,13,0.086455331
252,14,0.089337176
252,15,0.074927954
252,16,0.074927954
252,17,0.025936599
252,18,0.008645533
252,19,0
252,20,0
253,6,0
253,7,0.008645533
253,8,0.040345821
253,9,0.060518732
253,10,0.100864553
253,11,0.227665706
253,12,0.426512968
253,13,0.81556196
253,14,0.737752161
253,15,0.42074928
253,16,0.527377522
253,17,0.244956772
253,18,0.103746398
253,19,0.008645533
253,20,0
254,6,0
254,7,0.008645533
254,8,0.04610951
254,9,0.250720461
254,10,0.39481268
254,11,0.400576369
254,12,0.42074928
254,13,0.452449568
254,14,0.365994236
254,15,0.449567723
254,16,0.585014409
254,17,0.377521614
254,18,0.16426513
254,19,0.023054755
254,20,0
255,6,0
255,7,0.008645533
255,8,0.09221902
255,9,0.193083573
255,10,0.285302594
255,11,0.57925072
255,12,0.492795389
255,13,0.42074928
255,14,0.515850144
255,15,0.521613833
255,16,0.322766571
255,17,0.187319885
255,18,0.09221902
255,19,0.020172911
255,20,0
256,6,0
256,7,0.020172911
256,8,0.09221902
256,9,0.247838617
256,10,0.536023055
256,11,0.809798271
256,12,0.720461095
256,13,0.288184438
256,14,0.190201729
256,15,0.443804035
256,16,0.740634006
256,17,0.44092219
256,18,0.193083573
256,19,0.025936599
256,20,0
257,6,0
257,7,0.031700288
257,8,0.109510086
257,9,0.187319885
257,10,0.42074928
257,11,0.778097983
257,12,0.662824207
257,13,0.636887608
257,14,0.498559078
257,15,0.429394813
257,16,0.403458213
257,17,0.377521614
257,18,0.18443804
257,19,0.023054755
257,20,0
258,6,0
258,7,0.023054755
258,8,0.149855908
258,9,0.319884726
258,10,0.510086455
258,11,0.380403458
258,12,0.731988473
258,13,0.44092219
258,14,0.674351585
258,15,0.39481268
258,16,0.351585014
258,17,0.285302594
258,18,0.187319885
258,19,0.020172911
258,20,0
259,6,0
259,7,0.025936599
259,8,0.086455331
259,9,0.181556196
259,10,0.190201729
259,11,0.198847262
259,12,0.314121037
259,13,0.314121037
259,14,0.484149856
259,15,0.752161383
259,16,0.703170029
259,17,0.331412104
259,18,0.057636888
259,19,0.002881844
259,20,0
260,6,0
260,7,0.040345821
260,8,0.132564841
260,9,0.389048991
260,10,0.642651297
260,11,0.659942363
260,12,0.334293948
260,13,0.694524496
260,14,0.74351585
260,15,0.556195965
260,16,0.34870317
260,17,0.438040346
260,18,0.198847262
260,19,0.025936599
260,20,0
261,6,0
261,7,0.031700288
261,8,0.172910663
261,9,0.337175793
261,10,0.642651297
261,11,0.489913545
261,12,0.590778098
261,13,0.484149856
261,14,0.772334294
261,15,0.631123919
261,16,0.495677233
261,17,0.34870317
261,18,0.152737752
261,19,0.025936599
261,20,0
262,6,0
262,7,0.031700288
262,8,0.109510086
262,9,0.172910663
262,10,0.299711816
262,11,0.587896254
262,12,0.824207493
262,13,0.360230548
262,14,0.406340058
262,15,0.616714697
262,16,0.5129683
262,17,0.334293948
262,18,0.250720461
262,19,0.031700288
262,20,0
263,6,0
263,7,0.037463977
263,8,0.129682997
263,9,0.247838617
263,10,0.172910663
263,11,0.57925072
263,12,0.772334294
263,13,0.965417867
263,14,0.925072046
263,15,0.729106628
263,16,0.619596542
263,17,0.414985591
263,18,0.227665706
263,19,0.025936599
263,20,0
264,6,0
264,7,0.011527378
264,8,0.100864553
264,9,0.363112392
264,10,0.357348703
264,11,0.682997118
264,12,0.544668588
264,13,0.495677233
264,14,0.582132565
264,15,0.317002882
264,16,0.342939481
264,17,0.170028818
264,18,0.066282421
264,19,0.014409222
264,20,0
265,6,0
265,7,0.034582133
265,8,0.121037464
265,9,0.216138329
265,10,0.423631124
265,11,0.501440922
265,12,0.550432277
265,13,0.731988473
265,14,0.599423631
265,15,0.726224784
265,16,0.587896254
265,17,0.403458213
265,18,0.129682997
265,19,0.017291066
265,20,0
266,6,0
266,7,0.031700288
266,8,0.216138329
266,9,0.340057637
266,10,0.57925072
266,11,0.590778098
266,12,0.726224784
266,13,0.878962536
266,14,0.841498559
266,15,0.69740634
266,16,0.5129683
266,17,0.342939481
266,18,0.123919308
266,19,0.011527378
266,20,0
267,6,0
267,7,0.051873199
267,8,0.161383285
267,9,0.195965418
267,10,0.25648415
267,11,0.380403458
267,12,0.55907781
267,13,0.380403458
267,14,0.132564841
267,15,0.051873199
267,16,0.040345821
267,17,0.034582133
267,18,0.083573487
267,19,0.028818444
267,20,0
268,6,0
268,7,0.025936599
268,8,0.11815562
268,9,0.296829971
268,10,0.293948127
268,11,0.717579251
268,12,0.858789625
268,13,0.942363112
268,14,0.873198847
268,15,0.746397695
268,16,0.602305476
268,17,0.285302594
268,18,0.146974063
268,19,0.034582133
268,20,0
269,6,0
269,7,0.048991354
269,8,0.181556196
269,9,0.319884726
269,10,0.224783862
269,11,0.5129683
269,12,0.544668588
269,13,0.642651297
269,14,0.158501441
269,15,0.296829971
269,16,0.181556196
269,17,0.247838617
269,18,0.100864553
269,19,0.011527378
269,20,0
270,6,0
270,7,0.025936599
270,8,0.115273775
270,9,0.161383285
270,10,0.23054755
270,11,0.553314121
270,12,0.354466859
270,13,0.363112392
270,14,0.311239193
270,15,0.403458213
270,16,0.377521614
270,17,0.144092219
270,18,0.057636888
270,19,0.011527378
270,20,0
271,6,0
271,7,0.005763689
271,8,0.020172911
271,9,0
271,10,0.002881844
271,11,0.020172911
271,12,0.020172911
271,13,0.034582133
271,14,0.066282421
271,15,0.190201729
271,16,0.23054755
271,17,0.129682997
271,18,0.074927954
271,19,0.011527378
271,20,0
272,6,0
272,7,0.002881844
272,8,0.011527378
272,9,0.07204611
272,10,0.04610951
272,11,0.040345821
272,12,0.172910663
272,13,0.219020173
272,14,0.069164265
272,15,0.048991354
272,16,0.054755043
272,17,0.103746398
272,18,0.112391931
272,19,0.014409222
272,20,0
273,6,0
273,7,0.043227666
273,8,0.178674352
273,9,0.461095101
273,10,0.680115274
273,11,0.829971182
273,12,0.925072046
273,13,0.930835735
273,14,0.899135447
273,15,0.827089337
273,16,0.463976945
273,17,0.198847262
273,18,0.172910663
273,19,0.014409222
273,20,0
274,6,0
274,7,0.011527378
274,8,0.095100865
274,9,0.149855908
274,10,0.216138329
274,11,0.345821326
274,12,0.731988473
274,13,0.299711816
274,14,0.16426513
274,15,0.161383285
274,16,0.144092219
274,17,0.144092219
274,18,0.07204611
274,19,0.008645533
274,20,0
275,6,0
275,7,0.023054755
275,8,0.054755043
275,9,0.089337176
275,10,0.126801153
275,11,0.268011527
275,12,0.472622478
275,13,0.677233429
275,14,0.550432277
275,15,0.383285303
275,16,0.325648415
275,17,0.112391931
275,18,0.054755043
275,19,0.017291066
275,20,0
276,6,0
276,7,0.048991354
276,8,0.193083573
276,9,0.365994236
276,10,0.530259366
276,11,0.668587896
276,12,0.731988473
276,13,0.757925072
276,14,0.53314121
276,15,0.657060519
276,16,0.553314121
276,17,0.383285303
276,18,0.170028818
276,19,0.028818444
276,20,0
277,6,0
277,7,0.023054755
277,8,0.106628242
277,9,0.149855908
277,10,0.377521614
277,11,0.544668588
277,12,0.556195965
277,13,0.795389049
277,14,0.904899135
277,15,0.423631124
277,16,0.536023055
277,17,0.365994236
277,18,0.09221902
277,19,0.037463977
277,20,0
278,6,0
278,7,0.028818444
278,8,0.109510086
278,9,0.285302594
278,10,0.363112392
278,11,0.613832853
278,12,0.472622478
278,13,0.734870317
278,14,0.639769452
278,15,0.146974063
278,16,0.167146974
278,17,0.216138329
278,18,0.129682997
278,19,0.034582133
278,20,0
279,6,0
279,7,0.04610951
279,8,0.195965418
279,9,0.187319885
279,10,0.30259366
279,11,0.83573487
279,12,0.925072046
279,13,0.691642651
279,14,0.821325648
279,15,0.510086455
279,16,0.438040346
279,17,0.054755043
279,18,0.051873199
279,19,0.020172911
279,20,0
280,6,0
280,7,0.031700288
280,8,0.126801153
280,9,0.268011527
280,10,0.406340058
280,11,0.682997118
280,12,0.576368876
280,13,0.772334294
280,14,0.847262248
280,15,0.757925072
280,16,0.731988473
280,17,0.461095101
280,18,0.11815562
280,19,0.023054755
280,20,0
281,6,0
281,7,0.051873199
281,8,0.219020173
281,9,0.5129683
281,10,0.737752161
281,11,0.389048991
281,12,0.46685879
281,13,0.829971182
281,14,0.587896254
281,15,0.628242075
281,16,0.708933718
281,17,0.481268012
281,18,0.224783862
281,19,0.04610951
281,20,0
282,6,0
282,7,0.040345821
282,8,0.253602305
282,9,0.478386167
282,10,0.700288184
282,11,0.824207493
282,12,0.959654179
282,13,0.971181556
282,14,0.925072046
282,15,0.806916427
282,16,0.636887608
282,17,0.432276657
282,18,0.216138329
282,19,0.040345821
282,20,0
283,6,0
283,7,0.04610951
283,8,0.051873199
283,9,0.057636888
283,10,0.034582133
283,11,0.025936599
283,12,0.086455331
283,13,0.221902017
283,14,0.377521614
283,15,0.518731988
283,16,0.536023055
283,17,0.282420749
283,18,0.132564841
283,19,0.023054755
283,20,0
284,6,0
284,7,0.051873199
284,8,0.195965418
284,9,0.383285303
284,10,0.642651297
284,11,0.680115274
284,12,0.694524496
284,13,0.841498559
284,14,0.775216138
284,15,0.665706052
284,16,0.616714697
284,17,0.452449568
284,18,0.227665706
284,19,0.048991354
284,20,0
285,6,0
285,7,0.051873199
285,8,0.132564841
285,9,0.371757925
285,10,0.714697406
285,11,0.821325648
285,12,0.731988473
285,13,0.723342939
285,14,0.757925072
285,15,0.680115274
285,16,0.170028818
285,17,0.074927954
285,18,0.054755043
285,19,0.014409222
285,20,0
286,6,0
286,7,0.028818444
286,8,0.144092219
286,9,0.46685879
286,10,0.688760807
286,11,0.824207493
286,12,0.757925072
286,13,0.749279539
286,14,0.625360231
286,15,0.714697406
286,16,0.475504323
286,17,0.198847262
286,18,0.18443804
286,19,0.043227666
286,20,0
287,6,0
287,7,0.04610951
287,8,0.253602305
287,9,0.484149856
287,10,0.682997118
287,11,0.829971182
287,12,0.925072046
287,13,0.982708934
287,14,0.922190202
287,15,0.818443804
287,16,0.654178674
287,17,0.449567723
287,18,0.224783862
287,19,0.025936599
287,20,0
288,6,0
288,7,0.025936599
288,8,0.051873199
288,9,0.103746398
288,10,0.253602305
288,11,0.227665706
288,12,0.645533141
288,13,0.677233429
288,14,0.755043228
288,15,0.812680115
288,16,0.593659942
288,17,0.429394813
288,18,0.155619597
288,19,0.04610951
288,20,0
289,6,0
289,7,0.048991354
289,8,0.221902017
289,9,0.435158501
289,10,0.550432277
289,11,0.841498559
289,12,0.916426513
289,13,0.92795389
289,14,0.708933718
289,15,0.749279539
289,16,0.593659942
289,17,0.391930836
289,18,0.16426513
289,19,0.037463977
289,20,0
290,6,0
290,7,0.069164265
290,8,0.250720461
290,9,0.417867435
290,10,0.536023055
290,11,0.804034582
290,12,0.864553314
290,13,0.930835735
290,14,0.913544669
290,15,0.786743516
290,16,0.616714697
290,17,0.397694524
290,18,0.144092219
290,19,0.037463977
290,20,0
291,6,0
291,7,0.077809798
291,8,0.207492795
291,9,0.253602305
291,10,0.354466859
291,11,0.671469741
291,12,0.783861671
291,13,0.971181556
291,14,0.795389049
291,15,0.824207493
291,16,0.668587896
291,17,0.400576369
291,18,0.207492795
291,19,0.04610951
291,20,0
292,6,0
292,7,0.063400576
292,8,0.259365994
292,9,0.461095101
292,10,0.501440922
292,11,0.812680115
292,12,0.899135447
292,13,0.962536023
292,14,0.867435159
292,15,0.78962536
292,16,0.645533141
292,17,0.242074928
292,18,0.152737752
292,19,0.040345821
292,20,0
293,6,0
293,7,0.060518732
293,8,0.193083573
293,9,0.4870317
293,10,0.700288184
293,11,0.821325648
293,12,0.904899135
293,13,0.847262248
293,14,0.619596542
293,15,0.4870317
293,16,0.475504323
293,17,0.314121037
293,18,0.187319885
293,19,0.028818444
293,20,0
294,6,0
294,7,0.07204611
294,8,0.244956772
294,9,0.463976945
294,10,0.654178674
294,11,0.821325648
294,12,0.884726225
294,13,0.729106628
294,14,0.573487032
294,15,0.619596542
294,16,0.5129683
294,17,0.13832853
294,18,0.048991354
294,19,0.011527378
294,20,0
295,6,0
295,7,0.040345821
295,8,0.152737752
295,9,0.42074928
295,10,0.65129683
295,11,0.587896254
295,12,0.92795389
295,13,0.959654179
295,14,0.893371758
295,15,0.752161383
295,16,0.484149856
295,17,0.285302594
295,18,0.181556196
295,19,0.040345821
295,20,0
296,6,0
296,7,0.002881844
296,8,0.014409222
296,9,0.063400576
296,10,0.083573487
296,11,0.198847262
296,12,0.146974063
296,13,0.129682997
296,14,0.123919308
296,15,0.109510086
296,16,0.066282421
296,17,0.279538905
296,18,0.146974063
296,19,0.025936599
296,20,0
297,6,0.002881844
297,7,0.051873199
297,8,0.135446686
297,9,0.247838617
297,10,0.541786744
297,11,0.4870317
297,12,0.648414986
297,13,0.90778098
297,14,0.90778098
297,15,0.648414986
297,16,0.311239193
297,17,0.13832853
297,18,0.123919308
297,19,0.034582133
297,20,0
298,6,0.002881844
298,7,0.09221902
298,8,0.219020173
298,9,0.42074928
298,10,0.570605187
298,11,0.694524496
298,12,0.553314121
298,13,0.423631124
298,14,0.103746398
298,15,0.291066282
298,16,0.086455331
298,17,0.086455331
298,18,0.063400576
298,19,0.025936599
298,20,0
299,6,0.002881844
299,7,0.025936599
299,8,0.028818444
299,9,0.112391931
299,10,0.227665706
299,11,0.319884726
299,12,0.103746398
299,13,0.279538905
299,14,0.409221902
299,15,0.158501441
299,16,0.135446686
299,17,0.161383285
299,18,0.089337176
299,19,0.028818444
299,20,0
